lobby-location:
  world: world
  x: 145.5
  y: 109.0625
  z: -377.5
  yaw: -177.48804
  pitch: 54.44732
